image: /home/ison0000/catkin_ws/src/tour_project/maps/my_map.pgm
resolution: 0.050000
origin: [-15.400000, -12.200000, 0.000000]
negate: 0
occupied_thresh: 0.65
free_thresh: 0.196

